15
0 581529 878965 809251 1286271 856165 1366048 1052793 882134 1468936 1753763 1059994 1542711 2216122 2169586 
581529 0 418763 265692 1180620 518637 1052505 1291094 1120435 1135719 1596870 576616 1465319 2303307 2357238 
878965 418763 0 231502 1018864 303749 863927 1563183 1394731 926798 1710032 266270 1599608 2437596 2491526 
809251 265692 231502 0 1093935 378820 938998 1493469 1325017 1001869 1579325 326325 1447775 2285762 2339693 
1286271 1180620 1018864 1093935 0 806537 520588 998593 832384 1143795 2526177 1076888 2415752 3253740 3307671
856165 518637 303749 378820 806537 0 668222 1540382 1371931 731093 1818895 372963 1708471 2546459 2600390 
1366048 1052505 863927 938998 520588 668222 0 1388732 1271861 773724 2371239 921951 2260815 3098803 3152733 
1052793 1291094 1563183 1493469 998593 1540382 1388732 0 468043 2011938 2463328 1744211 2331265 3169253 3170439 
882134 1120435 1394731 1325017 832384 1371931 1271861 468043 0 1895067 2292669 1575760 2160606 2915101 2868565 
1468936 1135719 926798 1001869 1143795 731093 773724 2011938 1895067 0 2214567 848298 2158108 3020058 3073989 
1753763 1596870 1710032 1579325 2526177 1818895 2371239 2463328 2292669 2214567 0 1544543 931056 1793006 1846937 
1059994 576616 266270 326325 1076888 372963 921951 1744211 1575760 848298 1544543 0 1434436 2278566 2332496 
1542711 1465319 1599608 1447775 2415752 1708471 2260815 2331265 2160606 2158108 931056 1434436 0 971630 1025561 
2216122 2303307 2437596 2285762 3253740 2546459 3098803 3169253 2915101 3020058 1793006 2278566 971630 0 310108 
2169586 2357238 2491526 2339693 3307671 2600390 3152733 3170439 2868565 3073989 1846937 2332496 1025561 310108 0 
